tau = 0.05
t_final = 5
max_dim_rho = 100
N = 8
h_x = 0.0,-0.0,0.0,-0.0,5.0,0.0,0.0,0.0
h_z = -0.0,0.0,-0.0,0.0,-0.0,-0.0,0.0,0.0
g_1 = 0.041225368023209, 0.0031939314463807268, 0.07221844299903046, 0.005045829004170943, 0.004491874669191243, 0.04763732521917821, 0.07253487420576549, 0.04237626637316283
J = 1.0,1.0,1.0,1.0,1.0,1.0,1.0,1.0
l_x = 0
l_y = 1
init_Pauli_state = +x
output_file_prefix = ./output/MPO
A_bond_indices = 1, 2, 3, 4, 5, 6, 7, 8
B_bond_indices = 2, 3, 4, 6, 6, 7, 8, 2
